From emptying the tank


80.437500, 75.625000, 25.375000
80.437500, 75.625000, 25.375000
80.437500, 75.625000, 25.500000
80.437500, 75.625000, 25.687500
80.437500, 75.562500, 26.062500
80.500000, 75.562500, 26.562500
80.500000, 75.500000, 27.187500
80.437500, 75.500000, 27.937500
80.375000, 75.500000, 28.687500
80.375000, 75.437500, 29.375000
80.375000, 75.312500, 30.125000
80.312500, 75.187500, 30.875000
80.250000, 75.062500, 31.625000
80.250000, 74.875000, 32.312500
80.250000, 74.625000, 32.937500
80.250000, 74.375000, 33.562500
80.250000, 74.125000, 34.062500
80.187500, 73.812500, 34.437500
80.187500, 73.562500, 34.750000
80.187500, 73.375000, 35.125000
80.187500, 73.187500, 35.750000
80.187500, 73.062500, 36.625000
80.125000, 73.000000, 37.500000
80.125000, 72.937500, 38.437500
80.062500, 72.937500, 39.312500
80.125000, 72.875000, 40.062500
80.062500, 72.937500, 40.812500
80.062500, 72.937500, 41.562500
80.062500, 73.000000, 42.250000
80.062500, 73.062500, 42.875000
80.062500, 73.062500, 43.562500
80.062500, 73.125000, 44.250000
80.062500, 73.187500, 44.937500
80.062500, 73.187500, 45.625000
80.062500, 73.187500, 46.312500
80.062500, 73.187500, 47.000000
80.062500, 73.187500, 47.625000
80.062500, 73.187500, 48.312500
80.062500, 73.125000, 49.000000
80.125000, 73.062500, 49.750000
80.062500, 73.062500, 50.250000
80.062500, 73.062500, 50.437500
80.062500, 73.000000, 50.562500
80.062500, 72.937500, 50.625000
80.062500, 72.937500, 50.625000
80.062500, 72.875000, 50.562500
80.062500, 72.875000, 50.437500
80.062500, 72.812500, 50.312500
80.062500, 72.812500, 50.125000
80.062500, 72.750000, 49.937500
80.062500, 72.687500, 49.812500
80.062500, 72.687500, 49.750000
80.000000, 72.625000, 49.750000
80.000000, 72.625000, 49.750000
80.062500, 72.562500, 49.875000
80.000000, 72.562500, 50.000000
80.000000, 72.562500, 50.125000
80.000000, 72.562500, 50.312500
80.000000, 72.562500, 50.562500
80.000000, 72.562500, 50.812500
80.000000, 72.562500, 51.062500
80.000000, 72.562500, 51.375000
80.000000, 72.562500, 51.687500
80.000000, 72.625000, 51.937500
79.937500, 72.625000, 52.312500
79.937500, 72.625000, 52.625000
79.937500, 72.687500, 52.937500
79.937500, 72.687500, 53.250000
79.937500, 72.687500, 53.500000
79.937500, 72.750000, 53.875000
79.937500, 72.750000, 54.125000
79.937500, 72.812500, 54.437500
79.937500, 72.812500, 54.687500
79.937500, 72.812500, 55.000000
79.875000, 72.812500, 55.375000
79.875000, 72.875000, 55.687500
79.875000, 72.875000, 55.937500
79.875000, 72.875000, 56.187500
79.875000, 72.875000, 56.375000
79.875000, 72.875000, 56.562500
79.875000, 72.875000, 56.750000
79.812500, 72.875000, 56.937500
79.875000, 72.937500, 57.125000
79.875000, 72.937500, 57.250000
79.875000, 72.937500, 57.437500
79.812500, 72.937500, 57.625000
79.875000, 73.000000, 57.750000
79.812500, 73.000000, 57.875000
79.875000, 73.062500, 57.937500
79.812500, 73.125000, 57.937500
79.750000, 73.125000, 58.000000
79.812500, 73.187500, 58.125000
79.812500, 73.187500, 58.250000
79.812500, 73.187500, 58.375000
79.812500, 73.250000, 58.562500
79.812500, 73.250000, 58.750000
79.750000, 73.312500, 58.937500
79.812500, 73.312500, 59.187500
79.750000, 73.312500, 59.437500
79.750000, 73.375000, 59.687500
79.750000, 73.375000, 59.875000
79.750000, 73.437500, 60.125000
79.750000, 73.437500, 60.250000
79.750000, 73.500000, 60.437500
79.750000, 73.500000, 60.562500
79.750000, 73.500000, 60.687500
79.750000, 73.500000, 60.875000
79.687500, 73.500000, 61.000000
79.687500, 73.500000, 61.125000
79.687500, 73.500000, 61.250000
79.687500, 73.500000, 61.312500
79.687500, 73.500000, 61.500000
79.687500, 73.500000, 61.562500
79.687500, 73.562500, 61.687500
79.687500, 73.500000, 61.750000
79.687500, 73.500000, 61.875000
79.687500, 73.500000, 61.937500
79.687500, 73.500000, 62.000000
79.687500, 73.500000, 62.125000
79.687500, 73.375000, 62.125000
79.625000, 73.312500, 62.250000
79.687500, 73.250000, 62.250000
79.625000, 73.125000, 62.312500
79.625000, 73.062500, 62.437500
79.625000, 73.000000, 62.500000
79.625000, 72.937500, 62.562500
79.625000, 72.875000, 62.562500
79.625000, 72.812500, 62.625000
79.625000, 72.687500, 62.687500
79.562500, 72.625000, 62.750000
79.625000, 72.562500, 62.875000
79.625000, 72.500000, 62.937500
79.562500, 72.437500, 63.000000
79.562500, 72.312500, 63.062500
79.562500, 72.250000, 63.125000
79.562500, 72.187500, 63.250000
79.562500, 72.125000, 63.312500
79.562500, 72.000000, 63.375000
79.562500, 71.937500, 63.500000
79.562500, 71.875000, 63.562500
79.562500, 71.750000, 63.625000
79.562500, 71.687500, 63.687500
79.562500, 71.562500, 63.812500
79.500000, 71.437500, 63.875000
79.500000, 71.375000, 63.937500
79.500000, 71.312500, 64.000000
79.500000, 71.250000, 64.062500
79.500000, 71.125000, 64.125000
79.500000, 71.000000, 64.187500
79.500000, 70.937500, 64.250000
79.500000, 70.812500, 64.312500
79.500000, 70.750000, 64.375000
79.500000, 70.625000, 64.437500
79.500000, 70.562500, 64.500000
79.437500, 70.437500, 64.625000
79.437500, 70.375000, 64.625000
79.437500, 70.312500, 64.750000
79.437500, 70.187500, 64.812500
79.437500, 70.125000, 64.875000
79.437500, 70.000000, 64.937500
79.437500, 69.937500, 65.000000
79.375000, 69.812500, 65.125000
79.437500, 69.750000, 65.187500
79.375000, 69.687500, 65.250000
79.375000, 69.562500, 65.312500
79.375000, 69.500000, 65.375000
79.375000, 69.437500, 65.437500
79.375000, 69.312500, 65.500000
79.375000, 69.250000, 65.562500
79.375000, 69.187500, 65.625000
79.375000, 69.062500, 65.687500
79.375000, 69.000000, 65.687500
79.312500, 68.875000, 65.750000
79.375000, 68.812500, 65.750000
79.312500, 68.750000, 65.875000
79.312500, 68.625000, 65.875000
79.312500, 68.562500, 65.937500
79.312500, 68.437500, 66.000000
79.312500, 68.375000, 66.062500
79.312500, 68.312500, 66.125000
79.250000, 68.187500, 66.187500
79.312500, 68.125000, 66.312500
79.250000, 68.062500, 66.312500
79.250000, 68.000000, 66.375000
79.250000, 67.875000, 66.437500
79.250000, 67.812500, 66.500000
79.250000, 67.750000, 66.562500
79.250000, 67.625000, 66.625000
79.250000, 67.562500, 66.687500
79.250000, 67.437500, 66.750000
79.250000, 67.375000, 66.750000
79.187500, 67.312500, 66.812500
79.187500, 67.187500, 66.812500
79.187500, 67.125000, 66.937500
79.187500, 67.062500, 67.000000
79.187500, 66.937500, 67.062500
79.187500, 66.875000, 67.062500
79.125000, 66.812500, 67.125000
79.187500, 66.687500, 67.187500
79.125000, 66.625000, 67.187500
79.125000, 66.562500, 67.250000
79.125000, 66.437500, 67.312500
79.125000, 66.375000, 67.375000
79.125000, 66.312500, 67.375000
79.062500, 66.187500, 67.437500
79.125000, 66.125000, 67.500000
79.062500, 66.062500, 67.500000
79.062500, 65.937500, 67.625000
79.062500, 65.937500, 67.625000
79.062500, 65.812500, 67.687500
79.062500, 65.750000, 67.750000
79.062500, 65.625000, 67.812500
79.000000, 65.562500, 67.875000
79.000000, 65.500000, 67.937500
79.000000, 65.437500, 67.937500
79.000000, 65.312500, 68.062500
79.000000, 65.250000, 68.125000
79.000000, 65.187500, 68.125000
79.000000, 65.125000, 68.187500
79.000000, 65.000000, 68.312500
78.937500, 64.937500, 68.312500
78.937500, 64.875000, 68.375000
79.000000, 64.812500, 68.437500
78.937500, 64.750000, 68.500000
78.937500, 64.687500, 68.562500
78.937500, 64.562500, 68.625000
78.937500, 64.500000, 68.687500
78.875000, 64.437500, 68.687500
78.937500, 64.375000, 68.750000
78.937500, 64.250000, 68.875000
78.875000, 64.187500, 68.937500
78.875000, 64.125000, 68.937500
78.875000, 64.062500, 69.000000
78.875000, 63.937500, 69.062500
78.875000, 63.875000, 69.125000
78.875000, 63.875000, 69.187500
78.812500, 63.750000, 69.250000
78.812500, 63.687500, 69.312500
78.812500, 63.625000, 69.375000
78.812500, 63.562500, 69.437500
78.812500, 63.500000, 69.500000
78.750000, 63.437500, 69.562500
78.812500, 63.312500, 69.625000
78.812500, 63.250000, 69.687500
78.750000, 63.187500, 69.750000
78.750000, 63.125000, 69.812500
78.750000, 63.062500, 69.875000
78.750000, 63.000000, 69.937500
78.750000, 62.937500, 70.000000
78.750000, 62.875000, 70.062500
78.750000, 62.812500, 70.187500
78.750000, 62.750000, 70.250000
78.687500, 62.625000, 70.312500
78.687500, 62.562500, 70.375000
78.687500, 62.500000, 70.437500
78.687500, 62.437500, 70.562500
78.687500, 62.437500, 70.625000
78.687500, 62.312500, 70.687500
78.625000, 62.250000, 70.812500
78.625000, 62.187500, 70.875000
78.625000, 62.125000, 70.937500
78.625000, 62.062500, 71.000000
78.625000, 62.000000, 71.062500
78.562500, 61.937500, 71.187500
78.625000, 61.875000, 71.250000
78.625000, 61.812500, 71.312500
78.625000, 61.750000, 71.437500
78.562500, 61.687500, 71.500000
78.562500, 61.625000, 71.562500
78.562500, 61.562500, 71.625000
78.562500, 61.500000, 71.687500
78.562500, 61.437500, 71.812500
78.562500, 61.375000, 71.875000
78.500000, 61.312500, 71.937500
78.500000, 61.187500, 72.000000
78.500000, 61.187500, 72.125000
78.500000, 61.125000, 72.187500
78.437500, 61.000000, 72.250000
78.500000, 60.937500, 72.312500
78.437500, 60.875000, 72.437500
78.437500, 60.812500, 72.500000
78.437500, 60.750000, 72.625000
78.437500, 60.687500, 72.687500
78.375000, 60.625000, 72.750000
78.375000, 60.562500, 72.875000
78.375000, 60.437500, 72.937500
78.375000, 60.375000, 73.000000
78.375000, 60.375000, 73.125000
78.375000, 60.250000, 73.250000
78.375000, 60.187500, 73.312500
78.312500, 60.125000, 73.437500
78.312500, 60.062500, 73.500000
78.312500, 60.000000, 73.625000
78.312500, 59.875000, 73.687500
78.312500, 59.875000, 73.812500
78.312500, 59.750000, 73.937500
78.312500, 59.687500, 74.000000
78.312500, 59.625000, 74.062500
78.312500, 59.562500, 74.187500
78.250000, 59.500000, 74.250000
78.250000, 59.437500, 74.375000
78.250000, 59.312500, 74.500000
78.250000, 59.250000, 74.562500
78.187500, 59.187500, 74.625000
78.250000, 59.125000, 74.687500
78.250000, 59.062500, 74.750000
78.187500, 58.937500, 74.875000
78.187500, 58.875000, 74.937500
78.187500, 58.812500, 75.000000
78.125000, 58.750000, 75.125000
78.125000, 58.687500, 75.187500
78.125000, 58.562500, 75.250000
78.125000, 58.500000, 75.312500
78.062500, 58.437500, 75.375000
78.062500, 58.312500, 75.437500
78.062500, 58.312500, 75.500000
78.062500, 58.250000, 75.562500
78.062500, 58.125000, 75.625000
78.062500, 58.062500, 75.750000
78.000000, 58.000000, 75.812500
78.000000, 57.937500, 75.812500
78.000000, 57.875000, 75.875000
78.000000, 57.812500, 75.937500
78.000000, 57.687500, 76.000000
77.937500, 57.687500, 76.000000
78.000000, 57.562500, 76.062500
77.937500, 57.500000, 76.125000
77.937500, 57.437500, 76.125000
77.937500, 57.375000, 76.250000
77.937500, 57.312500, 76.250000
77.875000, 57.250000, 76.375000
77.875000, 57.125000, 76.437500
77.875000, 57.125000, 76.437500
77.875000, 57.062500, 76.500000
77.812500, 57.000000, 76.562500
77.875000, 56.937500, 76.625000
77.875000, 56.875000, 76.625000
77.812500, 56.812500, 76.687500
77.812500, 56.750000, 76.750000
77.812500, 56.625000, 76.750000
77.750000, 56.562500, 76.812500
77.750000, 56.562500, 76.812500
77.750000, 56.500000, 76.812500
77.750000, 56.437500, 76.875000
77.750000, 56.375000, 76.937500
77.687500, 56.312500, 76.937500
77.750000, 56.250000, 76.937500
77.750000, 56.187500, 77.000000
77.687500, 56.125000, 77.000000
77.687500, 56.062500, 77.062500
77.687500, 56.000000, 77.062500
77.625000, 55.937500, 77.125000
77.625000, 55.875000, 77.062500
77.625000, 55.812500, 77.125000
77.625000, 55.812500, 77.187500
77.625000, 55.750000, 77.187500
77.562500, 55.687500, 77.187500
77.562500, 55.625000, 77.187500
77.562500, 55.562500, 77.187500
77.562500, 55.500000, 77.250000
77.562500, 55.437500, 77.187500
77.500000, 55.437500, 77.250000
77.500000, 55.375000, 77.250000
77.500000, 55.312500, 77.250000
77.500000, 55.250000, 77.250000
77.500000, 55.187500, 77.250000
77.437500, 55.187500, 77.250000
77.437500, 55.062500, 77.250000
77.437500, 55.062500, 77.187500
77.375000, 55.000000, 77.187500
77.375000, 54.937500, 77.187500
77.375000, 54.875000, 77.187500
77.375000, 54.812500, 77.125000
77.375000, 54.812500, 77.125000
77.312500, 54.750000, 77.125000
77.312500, 54.687500, 77.062500
77.312500, 54.625000, 77.062500
77.312500, 54.562500, 77.062500
77.250000, 54.562500, 77.000000
77.250000, 54.500000, 77.000000
77.250000, 54.437500, 76.937500
77.250000, 54.375000, 76.937500
77.250000, 54.375000, 76.875000
77.187500, 54.375000, 76.875000
77.187500, 54.312500, 76.812500
77.187500, 54.250000, 76.750000
77.125000, 54.187500, 76.687500
77.125000, 54.187500, 76.625000
77.125000, 54.125000, 76.562500
77.125000, 54.062500, 76.437500
77.125000, 54.062500, 76.375000
77.062500, 54.000000, 76.250000
77.062500, 53.937500, 76.187500
77.062500, 53.937500, 76.125000
77.000000, 53.875000, 76.000000
77.000000, 53.812500, 75.937500
76.937500, 53.750000, 75.875000
76.937500, 53.750000, 75.812500
76.937500, 53.687500, 75.750000
76.875000, 53.625000, 75.625000
76.812500, 53.625000, 75.562500
76.812500, 53.562500, 75.500000
76.812500, 53.500000, 75.437500
76.750000, 53.437500, 75.312500
76.750000, 53.437500, 75.250000
76.687500, 53.375000, 75.125000
76.687500, 53.375000, 75.062500
76.687500, 53.312500, 75.000000
76.625000, 53.250000, 74.937500
